westlimit=72.9749310643; southlimit=19.1856188284; eastlimit=72.9766181738; northlimit=19.1865510567

platform coords : [72.9747986302,19.1856848672],[72.9747838781,19.1857266656],[72.9747718081,19.1857659307],[72.9751768217,19.1858786596],[72.9751902327,19.1858330614],[72.9752023027,19.1857925297]

[72.9758594439,19.185976189],[72.9758460328,19.1860217871],[72.9758326218,19.1860610522],[72.9764884219,19.1862409114],[72.9765018329,19.1861991131],[72.976515244,19.1861585815]

[72.9771348343,19.186337174],[72.9771214232,19.1863777056],[72.9771106944,19.1864119041]

staircase coords(from left to right)
staircase 1 : [72.9749691181,19.1857632392],[72.9749657654,19.1857759053],[72.9750448905,19.1857980711],[72.9751334034,19.1858240368],[72.9751380973,19.185810104],[72.9750469022,19.1857847716]

staircase 2: [72.9752774045,19.1858545939],[72.975270699,19.1858659934],[72.9754222438,19.1859115916],[72.975579153,19.1859552898],[72.9755825058,19.1859438903],[72.9754276082,19.1858989254]

staircase 3: [72.9760837436,19.1860794181],[72.9760790497,19.1860952508],[72.9762500406,19.1861402156],[72.9764163375,19.1861832805],[72.9764190197,19.186169981],[72.9762527228,19.1861275495]

staircase 4: [72.9765772701,19.1862212789],[72.9765732468,19.1862345783],[72.9767415554,19.1862839762],[72.9769138873,19.186335274],[72.9769165695,19.1863238745],[72.9767442376,19.1862706768]

bridge1: [72.9750598103,19.1857036918],[72.974991414,19.1859367492],[72.9750101894,19.1859405491],[72.9750826091,19.1857074917]

bridge2:[72.975440684,19.1858062878],[72.9753709466,19.1860520112],[72.9753937453,19.1860558111],[72.975466165,19.1858100876]

bridge3:[72.9762721688,19.1860304788],[72.9761957258,19.1862673356],[72.9762198657,19.1862736687],[72.9762963087,19.1860368118]

bridge4:[72.9767616719,19.1861748728],[72.9766865701,19.186406663],[72.9767133922,19.1864117294],[72.9767871529,19.1861824725],


stall 1: [72.9757243276,19.1859684146],[72.975716281,19.1860013466],[72.9757618785,19.1860114795],[72.9757699252,19.1859798142]

stall2:
[72.9759845019,19.1860380785],[72.9759751141,19.1860672106],[72.976011324,19.1860786101],[72.9760220528,19.186049478]

stall3:
[72.9770493389,19.1863395325],[72.9770426333,19.1863648648],[72.9770868898,19.1863749977],[72.9770935953,19.186350932]

areas
100.013
84.628
139.031
155.109
155.106
144.753
141.188
138.704
4.86
4.851
14.065
12.789
13.935
9.509
11.689
10.19
27.473
31.836
31.128
32.251

[72.9751042097,19.1858106564],[72.9751042097,19.1858106564],[72.9751042097,19.1858106564],[72.9751042097,19.1858106564]

platform 9-10 coords

[72.9747177449,19.1853449128],[72.9746989694,19.1854234432],[72.9773087588,19.1861403484],[72.9773382631,19.1860643515]