[72.9748586247,19.1852833874],[72.9771063159,19.186187752]



bridge 1
[72.9751514884,19.1853989665],[72.9750871154,19.185606692],[72.9751099142,19.1856130251],[72.9751742872,19.1854052996],[72.9751514884,19.1853989665]

bridge2
[72.9755341852,19.1855026957],[72.9754698122,19.185712321],[72.9754905993,19.1857167541],[72.9755556428,19.1855090288],[72.9755341852,19.1855026957]

bridge 3
[72.9763670111,19.1857319535],[72.976301297,19.1859371454],[72.976328119,19.1859472783],[72.9763951743,19.1857395532],[72.9763670111,19.1857319535]

bridge 4
[72.9768618786,19.1858674815],[72.9767934823,19.1860676068],[72.9768243277,19.1860752064],[72.9768940651,19.1858776145],[72.9768618786,19.1858674815]

staircase 1
[72.9751467946,19.1854933296],[72.9751414301,19.1855123289],[72.9752319547,19.1855357613],[72.9752373191,19.1855173954],[72.9751467946,19.1854933296]

staircase 2
[72.975524986,19.1855933925],[72.9755189511,19.1856130251],[72.9756865891,19.1856592566],[72.9756926241,19.1856408907],[72.975524986,19.1855933925]

staircase 3
[72.9761841389,19.1857732522],[72.9761774334,19.1857960513],[72.9763350132,19.1858378496],[72.9763430598,19.1858144172],[72.9761841389,19.1857732522]

staircase 4
[72.9763631764,19.1858226502],[72.9763564708,19.1858422828],[72.9765214267,19.185885981],[72.9765281322,19.1858657152],[72.9763631764,19.1858226502]

staircase 5
[72.9766804943,19.1859124464],[72.9766747946,19.1859320789],[72.9768333802,19.1859748272],[72.9768394151,19.1859561446],[72.9766804943,19.1859124464]